_3E259C63-39CC-4B6C-9C4A-1B29A5C83840 632 1 1
_560E1C31-EE5C-4BFD-A0B6-F4E8D60E2C76 633 2 2


_3E259C63-39CC-4B6C-9C4A-1B29A5C83840 632 1 3
_560E1C31-EE5C-4BFD-A0B6-F4E8D60E2C76 633 2 2
_61D2A727-4D2E-45F9-8A94-C42B38FFF029 645 3 4


_3E259C63-39CC-4B6C-9C4A-1B29A5C83840 632 1 5
_560E1C31-EE5C-4BFD-A0B6-F4E8D60E2C76 633 2 2
_61D2A727-4D2E-45F9-8A94-C42B38FFF029 645 3 4
_DC7FBBF3-1456-4B9C-8983-9E3D4FA9D95B 670 4 6


_3E259C63-39CC-4B6C-9C4A-1B29A5C83840 632 1 5
_560E1C31-EE5C-4BFD-A0B6-F4E8D60E2C76 633 2 2
_61D2A727-4D2E-45F9-8A94-C42B38FFF029 645 3 7
_DC7FBBF3-1456-4B9C-8983-9E3D4FA9D95B 670 4 6
_22B55260-79B0-4DF5-A070-AFEDAFA299D4 646 5 8


_3E259C63-39CC-4B6C-9C4A-1B29A5C83840 632 1 10
_560E1C31-EE5C-4BFD-A0B6-F4E8D60E2C76 633 2 2
_61D2A727-4D2E-45F9-8A94-C42B38FFF029 645 3 7
_DC7FBBF3-1456-4B9C-8983-9E3D4FA9D95B 670 4 6
_22B55260-79B0-4DF5-A070-AFEDAFA299D4 646 5 8
_4163D7DE-898A-4241-93E0-F3FC49F1F714 rg60 6 9


_3E259C63-39CC-4B6C-9C4A-1B29A5C83840 632 1 10
_560E1C31-EE5C-4BFD-A0B6-F4E8D60E2C76 633 2 2
_61D2A727-4D2E-45F9-8A94-C42B38FFF029 645 3 7
_DC7FBBF3-1456-4B9C-8983-9E3D4FA9D95B 670 4 11
_22B55260-79B0-4DF5-A070-AFEDAFA299D4 646 5 8
_4163D7DE-898A-4241-93E0-F3FC49F1F714 rg60 6 9
_249A3E8C-0128-4DE2-92EA-112B44080BF2 671 7 12


_3E259C63-39CC-4B6C-9C4A-1B29A5C83840 632 1 10
_560E1C31-EE5C-4BFD-A0B6-F4E8D60E2C76 633 2 2
_61D2A727-4D2E-45F9-8A94-C42B38FFF029 645 3 7
_DC7FBBF3-1456-4B9C-8983-9E3D4FA9D95B 670 4 11
_22B55260-79B0-4DF5-A070-AFEDAFA299D4 646 5 8
_4163D7DE-898A-4241-93E0-F3FC49F1F714 rg60 6 9
_249A3E8C-0128-4DE2-92EA-112B44080BF2 671 7 13
_BDCA9F2B-81A8-4969-AE86-B9D5DC399F51 680 8 14


_3E259C63-39CC-4B6C-9C4A-1B29A5C83840 632 1 10
_560E1C31-EE5C-4BFD-A0B6-F4E8D60E2C76 633 2 2
_61D2A727-4D2E-45F9-8A94-C42B38FFF029 645 3 7
_DC7FBBF3-1456-4B9C-8983-9E3D4FA9D95B 670 4 11
_22B55260-79B0-4DF5-A070-AFEDAFA299D4 646 5 8
_4163D7DE-898A-4241-93E0-F3FC49F1F714 rg60 6 9
_249A3E8C-0128-4DE2-92EA-112B44080BF2 671 7 15
_BDCA9F2B-81A8-4969-AE86-B9D5DC399F51 680 8 14
_7326FB57-9839-4AE6-9F3D-B5660C58A7BA 684 9 16


_3E259C63-39CC-4B6C-9C4A-1B29A5C83840 632 1 10
_560E1C31-EE5C-4BFD-A0B6-F4E8D60E2C76 633 2 2
_61D2A727-4D2E-45F9-8A94-C42B38FFF029 645 3 7
_DC7FBBF3-1456-4B9C-8983-9E3D4FA9D95B 670 4 11
_22B55260-79B0-4DF5-A070-AFEDAFA299D4 646 5 8
_4163D7DE-898A-4241-93E0-F3FC49F1F714 rg60 6 9
_249A3E8C-0128-4DE2-92EA-112B44080BF2 671 7 15
_BDCA9F2B-81A8-4969-AE86-B9D5DC399F51 680 8 14
_7326FB57-9839-4AE6-9F3D-B5660C58A7BA 684 9 17
_B7E4EF30-D95D-4C8E-829B-F75FB0FDBEAD 611 10 18


_3E259C63-39CC-4B6C-9C4A-1B29A5C83840 632 1 10
_560E1C31-EE5C-4BFD-A0B6-F4E8D60E2C76 633 2 2
_61D2A727-4D2E-45F9-8A94-C42B38FFF029 645 3 7
_DC7FBBF3-1456-4B9C-8983-9E3D4FA9D95B 670 4 11
_22B55260-79B0-4DF5-A070-AFEDAFA299D4 646 5 8
_4163D7DE-898A-4241-93E0-F3FC49F1F714 rg60 6 9
_249A3E8C-0128-4DE2-92EA-112B44080BF2 671 7 15
_BDCA9F2B-81A8-4969-AE86-B9D5DC399F51 680 8 14
_7326FB57-9839-4AE6-9F3D-B5660C58A7BA 684 9 19
_B7E4EF30-D95D-4C8E-829B-F75FB0FDBEAD 611 10 18
_DFA687CB-83D6-4FD0-8007-657A3E1819F6 652 11 20


_3E259C63-39CC-4B6C-9C4A-1B29A5C83840 632 1 10
_560E1C31-EE5C-4BFD-A0B6-F4E8D60E2C76 633 2 2
_61D2A727-4D2E-45F9-8A94-C42B38FFF029 645 3 7
_DC7FBBF3-1456-4B9C-8983-9E3D4FA9D95B 670 4 11
_22B55260-79B0-4DF5-A070-AFEDAFA299D4 646 5 8
_4163D7DE-898A-4241-93E0-F3FC49F1F714 rg60 6 9
_249A3E8C-0128-4DE2-92EA-112B44080BF2 671 7 15
_BDCA9F2B-81A8-4969-AE86-B9D5DC399F51 680 8 14
_7326FB57-9839-4AE6-9F3D-B5660C58A7BA 684 9 19
_B7E4EF30-D95D-4C8E-829B-F75FB0FDBEAD 611 10 18
_DFA687CB-83D6-4FD0-8007-657A3E1819F6 652 11 20
_04006A64-109D-499D-8496-1B55907C1570 692 12 21
_CB29A4D1-EE08-4AAF-82F6-3C178009EBC0 675 13 22


